ID	PThresh	OR	Pvalue	Beta	SE	CI95_lower	CI95_upper	NAnnotThesh	NAnnot	NThresh	N	linkID	Annotation	GWAS	logpval	SEmin	SEmax
1	0.01	1.19598921504514	0.141236206599527	0.178973637966994	0.121651212770561	-0.059462739063306	0.417410014997294	186	748	537	2256	0	MON hCRD	BC	0.85005395547468	1.07433800227458	1.3176404278157
1	0.001	1.22143564132395	0.187311567695361	0.200026922095043	0.151699427381066	-0.0973039555718469	0.497357799761933	107	748	296	2256	0	MON hCRD	BC	0.727435401315981	1.06973621394288	1.37313506870502
1	1e-04	1.5523928475695	0.0138315060360159	0.43979751316465	0.178662563114827	0.089618889459589	0.789976136869711	75	748	189	2256	0	MON hCRD	BC	1.85913052939746	1.37373028445467	1.73105541068433
1	1e-05	1.63614232662902	0.0161464976110275	0.492341231113565	0.20466571703275	0.0911964257293749	0.893486036497754	57	748	136	2256	0	MON hCRD	BC	1.79192166733673	1.43147660959627	1.84080804366177
1	5e-08	1.75410542196411	0.0283011932545924	0.561958995886199	0.256241219252994	0.0597262061503295	1.06419178562207	36	748	84	2256	0	MON hCRD	BC	1.5481952530637	1.49786420271112	2.0103466412171
1	1e-09	1.55262591892931	0.142974830192219	0.439947638737331	0.30034606125178	-0.148730641316158	1.02862591879082	26	748	63	2256	0	MON hCRD	BC	0.844740410582137	1.25227985767753	1.85297198018109
2	0.01	1.53017330798249	0.000785647723231682	0.425381002180589	0.12668434870021	0.177079678728178	0.673682325633	183	569	537	2256	1	NEU hCRD	BC	3.10477214372075	1.40348895928228	1.6568576566827
2	0.001	1.97555017468486	8.44717715360122e-06	0.680846929020503	0.152878201384499	0.381205654306885	0.980488203734122	116	569	296	2256	1	NEU hCRD	BC	5.07328839772872	1.82267197330036	2.12842837606936
2	1e-04	2.7780979430193	1.12518480893084e-08	1.02176650037706	0.178921697589854	0.67107997310095	1.37245302765318	88	569	189	2256	1	NEU hCRD	BC	7.94877613985739	2.59917624542945	2.95701964060915
2	1e-05	3.20555160014607	1.19465560746439e-08	1.16488418169389	0.204348182460876	0.764361744070575	1.56540661931721	67	569	136	2256	1	NEU hCRD	BC	7.92275727407507	3.00120341768519	3.40989978260695
2	5e-08	3.20750827748748	5.35778372243789e-06	1.16549439817072	0.256137573671361	0.663464753774857	1.66752404256659	45	569	84	2256	1	NEU hCRD	BC	5.27101482153176	2.95137070381612	3.46364585115884
2	1e-09	4.74756656218849	3.18540597302189e-07	1.55763218407753	0.304693175083659	0.960433560913555	2.1548308072415	39	569	63	2256	1	NEU hCRD	BC	6.4968352099197	4.44287338710483	4
3	0.01	1.24037721830063	0.292727234570592	0.215415541661937	0.204736947446311	-0.185868875332833	0.616699958656706	51	168	537	2256	2	TCL hCRD	BC	0.53353687007221	1.03564027085432	1.44511416574694
3	0.001	0.928037680913402	0.775644487440773	-0.0746829425877286	0.262045827254073	-0.588292764005712	0.438926878830255	26	168	296	2256	2	TCL hCRD	BC	0.110337289722318	0.665991853659329	1.19008350816747
3	1e-04	0.74911917541418	0.388189687482234	-0.288857195419491	0.334749696611056	-0.944966600777161	0.367252209938179	14	168	189	2256	2	TCL hCRD	BC	0.410956006116768	0.414369478803124	1.08386887202524
3	1e-05	0.660829453414678	0.309977523208245	-0.414259485409912	0.408029206872257	-1.21399673087954	0.385477760059713	9	168	136	2256	2	TCL hCRD	BC	0.508669796167442	0.252800246542421	1.06885866028693
3	5e-08	0.597590716469985	0.331432331693601	-0.514849179972974	0.530098598128359	-1.55384243230456	0.524144072358611	6	168	84	2256	2	TCL hCRD	BC	0.479605127808003	0.1	1.12768931459834
3	1e-09	0.64772693301497	0.476958922608122	-0.434286071111911	0.610636537065807	-1.63113368376089	0.762561541537071	4	168	63	2256	2	TCL hCRD	BC	0.32151902232846	0.1	1.25836347008078
1	0.01	1.15111699670149	0.199884631666725	0.140732772446662	0.1097862023171	-0.0744481840948533	0.355913728988178	272	728	804	2212	0	MON hCRD	EC	0.699220595771399	1.04133079438439	1.26090319901859
1	0.001	1.17288302324683	0.191417254894684	0.15946484027127	0.122064519079253	-0.0797816171240656	0.398711297666606	183	728	531	2212	0	MON hCRD	EC	0.718018916257268	1.05081850416758	1.29494754232608
1	1e-04	1.22633593625984	0.126861194985885	0.204030809980002	0.133650713683959	-0.0579245888405575	0.465986208800562	142	728	406	2212	0	MON hCRD	EC	0.896671202024701	1.09268522257588	1.3599866499438
1	1e-05	1.12842574571719	0.41115814941161	0.120823516011959	0.14701277731986	-0.167321527534966	0.408968559558884	107	728	320	2212	0	MON hCRD	EC	0.385991097331325	0.98141296839733	1.27543852303705
1	5e-08	0.89753034169162	0.553501017285026	-0.108108352292403	0.182454544454439	-0.465719259423104	0.249502554838298	61	728	202	2212	0	MON hCRD	EC	0.256881576590376	0.715075797237181	1.07998488614606
1	1e-09	0.950935184685588	0.79985481776627	-0.0503093736641419	0.198431670234325	-0.439235447323419	0.338616699995135	50	728	163	2212	0	MON hCRD	EC	0.0969888349642142	0.752503514451263	1.14936685491991
2	0.01	1.29563926727698	0.0261494844152109	0.259004216034958	0.116459539786278	0.0307435180538527	0.487264914016064	232	574	804	2212	1	NEU hCRD	EC	1.58253686962027	1.1791797274907	1.41209880706326
2	0.001	1.30838927279989	0.035377432516008	0.26879681793241	0.127754435422308	0.0183981245046856	0.519195511360134	161	574	531	2212	1	NEU hCRD	EC	1.45127368879743	1.18063483737758	1.4361437082222
2	1e-04	1.20171829602615	0.191649620431032	0.183752445938755	0.140729407119631	-0.0920771920157215	0.459582083893231	125	574	406	2212	1	NEU hCRD	EC	0.717492036544623	1.06098888890652	1.34244770314578
2	1e-05	1.32093897494627	0.0669226030235985	0.278342828368853	0.151917815762124	-0.0194160905249113	0.576101747262616	105	574	320	2212	1	NEU hCRD	EC	1.17442717504976	1.16902115918415	1.47285679070839
2	5e-08	1.48294384171638	0.0279892444070568	0.394029194412068	0.17931307121866	0.042575574823494	0.745482814000642	70	574	202	2212	1	NEU hCRD	EC	1.55300882551651	1.30363077049772	1.66225691293504
2	1e-09	1.54891286478267	0.0246512170530039	0.437553307291278	0.194742945485827	0.0558571341390561	0.8192494804435	59	574	163	2212	1	NEU hCRD	EC	1.60816163434392	1.35416991929684	1.7436558102685
3	0.01	1.47656717467184	0.0221968908129286	0.389719917050331	0.170407972977837	0.0557202900137706	0.723719544086891	99	210	804	2212	2	TCL hCRD	EC	1.65370785425902	1.306159201694	1.64697514764968
3	0.001	1.73810598181263	0.00200227860807977	0.552796004162774	0.178904513549271	0.202143157606203	0.903448850719345	76	210	531	2212	2	TCL hCRD	EC	2.69847549252448	1.55920146826336	1.9170104953619
3	1e-04	1.66079218365351	0.00841451660657667	0.507294707604025	0.192524034124043	0.129947600720902	0.884641814487149	56	210	406	2212	2	TCL hCRD	EC	2.0749708281286	1.46826814952947	1.85331621777755
3	1e-05	2.0455743150515	0.000347139976630964	0.715678588722962	0.200060191058571	0.323560614248164	1.10779656319776	50	210	320	2212	2	TCL hCRD	EC	3.459495370107	1.84551412399293	2.24563450611007
3	5e-08	2.19115263226085	0.00058238246845349	0.784427721473513	0.228051915763444	0.337445966577163	1.23140947636986	34	210	202	2212	2	TCL hCRD	EC	3.23479170712996	1.96310071649741	2.41920454802429
3	1e-09	1.73418645109515	0.0331129276093295	0.550538399160914	0.258382438043522	0.0441088205956114	1.05696797772622	24	210	163	2212	2	TCL hCRD	EC	1.48000242032406	1.47580401305163	1.99256888913867
1	0.01	1.05629144413851	0.631370194118286	0.0547641359737037	0.114139702514453	-0.168949680954625	0.278477952902032	242	711	767	2215	0	MON hCRD	LC	0.19971592424218	0.942151741624057	1.17043114665296
1	0.001	1.08725122084376	0.517192527588713	0.0836526953680654	0.129157627496945	-0.169496254525946	0.336801645262077	154	711	490	2215	0	MON hCRD	LC	0.286347758444451	0.958093593346815	1.2164088483407
1	1e-04	1.18000671645862	0.242276309443252	0.165520130375461	0.141552942015181	-0.111923635974294	0.442963896725216	119	711	364	2215	0	MON hCRD	LC	0.615689050497584	1.03845377444344	1.3215596584738
1	1e-05	1.08225581741577	0.616353620021759	0.0790475826230562	0.157771774112159	-0.230185094636775	0.388280259882887	89	711	282	2215	0	MON hCRD	LC	0.210170048938783	0.924484043303611	1.24002759152793
1	5e-08	0.812572150570722	0.29338970974621	-0.207550568018366	0.197532781188761	-0.594714819148339	0.179613683111606	48	711	177	2215	0	MON hCRD	LC	0.532555122526852	0.615039369381961	1.01010493175948
1	1e-09	0.817379860484193	0.377710811555939	-0.201651346662719	0.228598012719893	-0.64970345159371	0.246400758268272	37	711	133	2215	0	MON hCRD	LC	0.42284058379338	0.5887818477643	1.04597787320409
2	0.01	0.984237496530769	0.896712960465608	-0.0158880527891268	0.122390158121748	-0.255772762707753	0.223996657129499	204	542	767	2215	1	NEU hCRD	LC	0.0473465532052368	0.861847338409021	1.10662765465252
2	0.001	0.978595975570987	0.875240949239568	-0.0216364125706949	0.137807202707444	-0.291738529877285	0.248465704735895	133	542	490	2215	1	NEU hCRD	LC	0.0578723715262386	0.840788772863543	1.11640317827843
2	1e-04	1.06014005652892	0.697377817847242	0.0584010281966029	0.150184239575259	-0.235960081370905	0.352762137764111	103	542	364	2215	1	NEU hCRD	LC	0.156531870753776	0.909955816953661	1.21032429610418
2	1e-05	1.15475758905075	0.38030467156247	0.143890442336212	0.164008539070457	-0.177566294241884	0.465347178914308	82	542	282	2215	1	NEU hCRD	LC	0.419868339796565	0.990749049980293	1.31876612812121
2	5e-08	1.03296053356755	0.870564717188728	0.0324289837615163	0.199022593275202	-0.35765529905788	0.422513266580913	50	542	177	2215	1	NEU hCRD	LC	0.0601989381902793	0.833937940292348	1.23198312684275
2	1e-09	0.952529023600898	0.834089035023678	-0.0486347014734401	0.232190703957512	-0.503728481230165	0.406459078283284	36	542	133	2215	1	NEU hCRD	LC	0.0787875880245816	0.720338319643386	1.18471972755841
3	0.01	2.23613415840482	2.90441078391387e-06	0.804748552779559	0.172047958394202	0.467534554326924	1.14196255123219	110	213	767	2215	2	TCL hCRD	LC	5.53694195940087	2.06408620001062	2.40818211679902
3	0.001	2.32567563501752	2.52660595401148e-06	0.844010592531026	0.179348877320368	0.492486792983105	1.19553439207895	78	213	490	2215	2	TCL hCRD	LC	5.59746248476884	2.14632675769715	2.50502451233789
3	1e-04	2.1651242095185	5.48147590964077e-05	0.772477731410846	0.191487572667958	0.397162088981647	1.14779337384004	62	213	364	2215	2	TCL hCRD	LC	4.26110249021784	1.97363663685054	2.35661178218646
3	1e-05	2.52255234497994	4.6480254711709e-06	0.925271224261221	0.202020844112953	0.529310369799834	1.32123207872261	55	213	282	2215	2	TCL hCRD	LC	5.33273150067826	2.32053150086699	2.72457318909289
3	5e-08	2.96127177241232	1.53794986861517e-06	1.08561882890362	0.225876932399918	0.642900041399778	1.52833761640746	41	213	177	2215	2	TCL hCRD	LC	5.81305782067154	2.7353948400124	3.18714870481224
3	1e-09	3.24289338891652	2.06344911113935e-06	1.1764659525685	0.247827886031725	0.690723295946323	1.66220860919069	35	213	133	2215	2	TCL hCRD	LC	5.68540623724157	2.9950655028848	3.49072127494824
1	0.01	1.50893924457326	0.000103901129910859	0.411406916929619	0.105997295220217	0.203652218297994	0.619161615561244	331	817	834	2308	0	MON hCRD	MC	3.98337972952287	1.40294194935304	1.61493653979348
1	0.001	1.5373851064997	0.00025700134614255	0.430082990426432	0.117663962141665	0.199461624628768	0.660704356224096	223	817	537	2308	0	MON hCRD	MC	3.59006460187979	1.41972114435803	1.65504906864137
1	1e-04	1.59613938726893	0.000307548685448497	0.467587830595639	0.12956672664441	0.213637046372596	0.721538614818682	172	817	405	2308	0	MON hCRD	MC	3.51208612493574	1.46657266062452	1.72570611391334
1	1e-05	1.72491842777987	9.56011796646507e-05	0.545179761121644	0.139736184200183	0.271296840089285	0.819062682154004	146	817	326	2308	0	MON hCRD	MC	4.01953674874181	1.58518224357969	1.86465461198005
1	5e-08	1.75960916444683	0.000371110966645225	0.565091718734624	0.158741714808424	0.253957957710112	0.876225479759136	106	817	234	2308	0	MON hCRD	MC	3.43049621168966	1.60086744963841	1.91835087925525
1	1e-09	1.93891923556855	0.000110835646077038	0.662130722772365	0.171289830876915	0.326402654253613	0.997858791291118	91	817	194	2308	0	MON hCRD	MC	3.95532054281272	1.76762940469163	2.11020906644546
2	0.01	1.46017783292286	0.000626891767881116	0.378558231674635	0.110699103908046	0.161587988014866	0.595528475334405	281	654	834	2308	1	NEU hCRD	MC	3.20280743312368	1.34947872901481	1.57087693683091
2	0.001	1.53383910841475	0.000419282821337181	0.427773813751264	0.12126347326758	0.190097406146807	0.665450221355721	191	654	537	2308	1	NEU hCRD	MC	3.37749293094559	1.41257563514717	1.65510258168233
2	1e-04	1.74408010421899	2.54303534147664e-05	0.556227255750204	0.132090807091869	0.297329273850141	0.815125237650267	156	654	405	2308	1	NEU hCRD	MC	4.59464760423576	1.61198929712712	1.87617091131086
2	1e-05	1.76907764810193	6.02292425030922e-05	0.570458307997234	0.142191172062072	0.291763610755574	0.849153005238895	129	654	326	2308	1	NEU hCRD	MC	4.22019259887152	1.62688647603986	1.911268820164
2	5e-08	1.89829852394986	6.33903650414947e-05	0.640957971249844	0.160246656820491	0.326874523881682	0.955041418618006	97	654	234	2308	1	NEU hCRD	MC	4.19797674728071	1.73805186712937	2.05854518077035
2	1e-09	2.16080524876683	7.52836676757808e-06	0.770480952578303	0.172052421133886	0.433258207155886	1.10770369800072	85	654	194	2308	1	NEU hCRD	MC	5.12329923107187	1.98875282763294	2.33285766990072
3	0.01	0.818396470066009	0.289088140160243	-0.200408377567599	0.189042372986009	-0.570931428620177	0.17011467348498	64	182	834	2308	2	TCL hCRD	MC	0.53896972489321	0.62935409708	1.00743884305202
3	0.001	1.07919059815903	0.707931615390297	0.0762113140119198	0.203427937552067	-0.322507443590132	0.474930071613972	46	182	537	2308	2	TCL hCRD	MC	0.150008692159138	0.875762660606963	1.2826185357111
3	1e-04	1.10151246565729	0.66277379068132	0.0966842041796878	0.221708649326754	-0.337864748500749	0.531233156860125	36	182	405	2308	2	TCL hCRD	MC	0.178634674041982	0.879803816330536	1.32322111498404
3	1e-05	1.01970087371165	0.936341912716442	0.019509323219732	0.244268323454383	-0.459256590750858	0.498275237190322	27	182	326	2308	2	TCL hCRD	MC	0.0285655362069357	0.775432550257267	1.26396919716603
3	5e-08	0.751320024465472	0.350714051227876	-0.2859235868736	0.306388776266504	-0.886445588355949	0.314598414608748	16	182	234	2308	2	TCL hCRD	MC	0.455046833923219	0.444931248198968	1.05770880073198
3	1e-09	0.608876501207265	0.167015202789187	-0.496139821315846	0.359038121520841	-1.1998545394967	0.207574896865003	12	182	194	2308	2	TCL hCRD	MC	0.777243994798859	0.249838379686424	0.967914622728106
1	0.01	1.15480289529724	0.199003347347484	0.143929675988505	0.11206018153009	-0.0757082798104715	0.363567631787482	269	772	772	2215	0	MON hCRD	NT	0.701139618453032	1.04274271376715	1.26686307682733
1	0.001	1.10779142835689	0.414662456408744	0.102368329050273	0.125495026047958	-0.143601922003724	0.34833858010427	182	772	522	2215	0	MON hCRD	NT	0.38230528393335	0.982296402308932	1.23328645440485
1	1e-04	1.271816058992	0.0814514478924497	0.240445846750535	0.13800280292437	-0.0300396469812301	0.510931340482299	138	772	373	2215	0	MON hCRD	NT	1.08910119120676	1.13381325606763	1.40981886191637
1	1e-05	1.09352600760174	0.556789558811555	0.0894073446668899	0.152152475458664	-0.208811507232091	0.387626196565871	103	772	293	2215	0	MON hCRD	NT	0.254308917422356	0.941373532143076	1.2456784830604
1	5e-08	1.24332485722822	0.219540991344066	0.217789127721655	0.177388885122671	-0.129893087118781	0.56547134256209	74	772	192	2215	0	MON hCRD	NT	0.658484379055296	1.06593597210555	1.42071374235089
1	1e-09	1.40110629294028	0.0843864996454599	0.337262133813326	0.195425599627709	-0.0457720414569832	0.720296309083635	59	772	148	2215	0	MON hCRD	NT	1.07372702728968	1.20568069331257	1.59653189256799
2	0.01	1.5220830167996	0.000331267165740952	0.420079802498379	0.117029000455394	0.190702961605806	0.649456643390951	250	597	772	2215	1	NEU hCRD	NT	3.4798216080184	1.40505401634421	1.63911201725499
2	0.001	1.74401231975695	1.31833472262395e-05	0.556188389542656	0.127652821874741	0.305988858668163	0.806387920417149	185	597	522	2215	1	NEU hCRD	NT	4.87997430921649	1.61635949788221	1.87166514163169
2	1e-04	2.09650907243855	9.95816623080897e-08	0.740273615040518	0.138953658142259	0.46792444508169	1.01262278499935	148	597	373	2215	1	NEU hCRD	NT	7.00182062835977	1.95755541429629	2.23546273058081
2	1e-05	2.33112887340655	1.37355280184193e-08	0.84635264527206	0.149093588545845	0.554129211722203	1.13857607882192	123	597	293	2215	1	NEU hCRD	NT	7.86215464086096	2.1820352848607	2.48022246195239
2	5e-08	2.68169521449561	1.31523089247274e-08	0.986449137274181	0.173546136885659	0.64629870897829	1.32659956557007	89	597	192	2215	1	NEU hCRD	NT	7.88099799886662	2.50814907760995	2.85524135138127
2	1e-09	3.3790393773256	2.73012202569959e-10	1.21759146120838	0.192858997145944	0.839587826802326	1.59559509561443	77	597	148	2215	1	NEU hCRD	NT	9.56381794127293	3.18618038017966	3.57189837447154
3	0.01	1.21047731781903	0.320561931570963	0.191014759359231	0.192302457168919	-0.185898056691849	0.567927575410311	69	169	772	2215	2	TCL hCRD	NT	0.494088053692142	1.01817486065011	1.40277977498795
3	0.001	1.18233955834365	0.428339969657448	0.167495152130924	0.211474295606186	-0.246994467257201	0.581984771519048	44	169	522	2215	2	TCL hCRD	NT	0.368211398422116	0.970865262737464	1.39381385394984
3	1e-04	1.06223842569208	0.798800674218494	0.060378403923368	0.23687135176664	-0.403889445539247	0.524646253385983	29	169	373	2215	2	TCL hCRD	NT	0.097561577239933	0.82536707392544	1.29910977745872
3	1e-05	0.936090704052509	0.805137878552124	-0.0660429011606264	0.267701770444123	-0.590738371231107	0.458652568909854	20	169	293	2215	2	TCL hCRD	NT	0.0941297410397087	0.668388933608386	1.20379247449663
3	5e-08	0.454084230533053	0.0517570559610083	-0.789472568340828	0.405867414525563	-1.58497270081093	0.00602756412927496	8	169	192	2215	2	TCL hCRD	NT	1.28603043512629	0.1	0.859951645058616
3	1e-09	0.507152679890471	0.11974121437064	-0.67894317695745	0.436377862074232	-1.53424378662294	0.176357432708044	6	169	148	2215	2	TCL hCRD	NT	0.921756341715692	0.1	0.943530541964703
1	0.01	0.852244565486435	0.160094527433432	-0.159881744650416	0.113814787015059	-0.382958727199931	0.0631952378990992	242	723	773	2124	0	MON hCRD	PC	0.795623513465358	0.738429778471376	0.966059352501494
1	0.001	1.01522709966556	0.904852237057226	0.0151123309797679	0.126426959132722	-0.232684508920367	0.262909170879902	163	723	514	2124	0	MON hCRD	PC	0.0434223355683955	0.888800140532838	1.14165405879828
1	1e-04	1.06216192130098	0.665378393796954	0.0603063794659867	0.139436867082812	-0.212989880016326	0.333602638948299	122	723	382	2124	0	MON hCRD	PC	0.176931305672045	0.922725054218168	1.20159878838379
1	1e-05	1.01304863050455	0.935594329408761	0.0129642305353555	0.160431723471071	-0.301481947467943	0.327410408538654	87	723	277	2124	0	MON hCRD	PC	0.0289124190924136	0.852616907033479	1.17348035397562
1	5e-08	0.96935980952548	0.870349769305287	-0.0311194155540197	0.190666078544356	-0.404824929500957	0.342586098392917	60	723	192	2124	0	MON hCRD	PC	0.0603061814591174	0.778693730981124	1.16002588806984
1	1e-09	1.03108022329385	0.882421631138028	0.0306070131559509	0.206943868772835	-0.375002969638805	0.436216995950707	51	723	159	2124	0	MON hCRD	PC	0.0543238544110899	0.824136354521015	1.23802409206669
2	0.01	0.984328411445219	0.896761864479072	-0.0157956861437973	0.121736595853152	-0.254399414015975	0.222808041728381	200	538	773	2124	1	NEU hCRD	PC	0.0473228687432078	0.862591815592067	1.10606500729837
2	0.001	0.93809179140231	0.637434271624184	-0.0639074761258997	0.1356014196678	-0.329686258674787	0.201871306422988	137	538	514	2124	1	NEU hCRD	PC	0.195564590411794	0.80249037173451	1.07369321107011
2	1e-04	0.931702765121381	0.636927311171394	-0.0707414367064197	0.14987615770344	-0.364498705805163	0.223015832392323	101	538	382	2124	1	NEU hCRD	PC	0.195910128352951	0.781826607417941	1.08157892282482
2	1e-05	1.04379556391836	0.7985564179482	0.0428636502836377	0.167950604964315	-0.286319535446419	0.372046836013694	78	538	277	2124	1	NEU hCRD	PC	0.0976943955705442	0.875844958954045	1.21174616888267
2	5e-08	1.01504079067466	0.939909920626411	0.01492879954305	0.198039127928455	-0.373227891196723	0.403085490282823	52	538	192	2124	1	NEU hCRD	PC	0.0269137664529259	0.817001662746205	1.21307991860311
2	1e-09	0.897514811647888	0.622233968360426	-0.108125655527035	0.219461278261884	-0.538269760920328	0.322018449866258	42	538	159	2124	1	NEU hCRD	PC	0.206046284019963	0.678053533386004	1.11697608990977
3	0.01	0.8583158670254	0.428694679447779	-0.152783103856077	0.193047551204102	-0.531156304216117	0.225590096503962	57	165	773	2124	2	TCL hCRD	PC	0.367851906507583	0.665268315821298	1.0513634182295
3	0.001	0.926333944917066	0.716970548836717	-0.076520477688026	0.211084835624278	-0.49024675551161	0.337205800135558	43	165	514	2124	2	TCL hCRD	PC	0.144498683579612	0.715249109292788	1.13741878054134
3	1e-04	0.872931401130761	0.563550886209552	-0.135898304545252	0.235291059541223	-0.59706878124605	0.325272172155546	30	165	382	2124	2	TCL hCRD	PC	0.249066862932455	0.637640341589538	1.10822246067198
3	1e-05	0.801843915416593	0.416675118734286	-0.220841309237699	0.271904056539958	-0.753773260056016	0.312090641580619	22	165	277	2124	2	TCL hCRD	PC	0.38020243215377	0.529939858876635	1.07374797195655
3	5e-08	0.804259223477359	0.493714972251977	-0.21783364450805	0.318278478537219	-0.841659462441	0.4059921734249	15	165	192	2124	2	TCL hCRD	PC	0.306523702296734	0.48598074494014	1.12253770201458
3	1e-09	0.903581436331553	0.761836058250518	-0.10138903872111	0.334539339796226	-0.757086144721712	0.554308067279492	14	165	159	2124	2	TCL hCRD	PC	0.118138475717309	0.569042096535327	1.23812077612778
1	0.01	1.03080839226472	0.793096606567416	0.0303433412692521	0.115685506547195	-0.19640025156325	0.257086934101754	243	712	735	2146	0	MON hCRD	RBC	0.100673908339719	0.915122885717525	1.14649389881192
1	0.001	0.97376057688507	0.839262907436537	-0.0265898198432609	0.131089982141396	-0.283526184840398	0.230346545153876	163	712	482	2146	0	MON hCRD	RBC	0.0761019708004057	0.842670594743674	1.10485055902647
1	1e-04	1.06800084300175	0.655546714229241	0.0657885298651758	0.147484781226944	-0.223281641339635	0.354858701069987	117	712	341	2146	0	MON hCRD	RBC	0.183396355066014	0.920516061774806	1.21548562422869
1	1e-05	1.11483005691391	0.498103545200722	0.108701977971841	0.16045124082129	-0.205782454037887	0.42318640998157	96	712	272	2146	0	MON hCRD	RBC	0.302680367210336	0.95437881609262	1.2752812977352
1	5e-08	1.24178129833957	0.265723554044835	0.2165468797125	0.194567593383738	-0.164805603319627	0.597899362744627	62	712	172	2146	0	MON hCRD	RBC	0.575569947515532	1.04721370495583	1.43634889172331
1	1e-09	1.01374957782615	0.951568396410648	0.0136559099997064	0.224835509909442	-0.427021689422799	0.454333509422212	42	712	130	2146	0	MON hCRD	RBC	0.0215599902291218	0.788914067916708	1.23858508773559
2	0.01	0.973345941532991	0.82366831175842	-0.0270157188420313	0.121239490653134	-0.264645120522173	0.210613682838111	201	565	735	2146	1	NEU hCRD	RBC	0.0842476419114027	0.852106450879857	1.09458543218613
2	0.001	1.02595893644438	0.849427861212309	0.0256277229889436	0.134990400321875	-0.238953461641931	0.290208907619818	135	565	482	2146	1	NEU hCRD	RBC	0.0708734982637248	0.890968536122505	1.16094933676625
2	1e-04	0.977764450656215	0.883134213407652	-0.0224864859556376	0.152972183582207	-0.322311965776763	0.277338993865488	94	565	341	2146	1	NEU hCRD	RBC	0.0539732899524696	0.824792267074008	1.13073663423842
2	1e-05	0.859321993945712	0.372453424942428	-0.151611579801739	0.169989645492859	-0.484791284967742	0.181568125364265	71	565	272	2146	1	NEU hCRD	RBC	0.428928027761728	0.689332348452853	1.02931163943857
2	5e-08	0.89299002608748	0.583968838512908	-0.113179867162995	0.206684704179503	-0.518281887354821	0.291922153028832	47	565	172	2146	1	NEU hCRD	RBC	0.233610326899524	0.686305321907977	1.09967473026698
2	1e-09	0.820415493589579	0.400148109363185	-0.197944367553195	0.235268057797471	-0.659069760836239	0.263181025729848	33	565	130	2146	1	NEU hCRD	RBC	0.397779230738224	0.585147435792108	1.05568355138705
3	0.01	1.10490262180902	0.596033259397872	0.0997572060267661	0.188180854486519	-0.26907726876681	0.468591680820342	67	177	735	2146	2	TCL hCRD	RBC	0.22472950541085	0.916721767322501	1.29308347629554
3	0.001	1.30785118886342	0.18705559517872	0.268385476580615	0.203424100115991	-0.130325759646726	0.667096712807957	46	177	482	2146	2	TCL hCRD	RBC	0.728029296720517	1.10442708874743	1.51127528897941
3	1e-04	1.31639710508254	0.225364039534892	0.274898538967747	0.226741460869283	-0.169514724336048	0.719311802271542	33	177	341	2146	2	TCL hCRD	RBC	0.647115381446537	1.08965564421326	1.54313856595182
3	1e-05	1.24615209491311	0.374127897895969	0.220060479459171	0.24760177586319	-0.265239001232682	0.705359960151023	26	177	272	2146	2	TCL hCRD	RBC	0.426979906208273	0.99855031904992	1.4937538707763
3	5e-08	1.31870505810325	0.348694446593891	0.276650238498116	0.295211784798179	-0.301964859706314	0.855265336702547	18	177	172	2146	2	TCL hCRD	RBC	0.457554969265361	1.02349327330507	1.61391684290143
3	1e-09	1.05104677374965	0.886846939746118	0.049786594947973	0.349882779676561	-0.635983653218087	0.735556843114033	12	177	130	2146	2	TCL hCRD	RBC	0.0521513282625372	0.701163994073089	1.40092955342621
1	0.01	0.934079320357172	0.559859347649732	-0.0681939189233106	0.11696058291638	-0.297436661439416	0.161048823592795	233	724	712	2164	0	MON hCRD	RC	0.251921066229548	0.817118737440792	1.05103990327355
1	0.001	0.820286721374509	0.154245757590406	-0.198101339627908	0.139048370871997	-0.470636146537022	0.0744334672812067	125	724	424	2164	0	MON hCRD	RC	0.811786772062397	0.681238350502512	0.959335092246506
1	1e-04	0.698223347107909	0.0316934496344148	-0.359216245872981	0.167212985517967	-0.686953697488196	-0.0314787942577658	75	724	288	2164	0	MON hCRD	RC	1.49903048799003	0.531010361589942	0.865436332625876
1	1e-05	0.716750754549939	0.0773709817745277	-0.333027121481243	0.188561250734452	-0.702607172920768	0.0365529299582826	58	724	214	2164	0	MON hCRD	RC	1.11142189226539	0.528189503815487	0.905312005284391
1	5e-08	0.725321625127955	0.176374844117098	-0.321140101631962	0.237529402208989	-0.786697729961581	0.144417526697658	32	724	130	2164	0	MON hCRD	RC	0.75356335707382	0.487792222918966	0.962851027336944
1	1e-09	0.758450901167803	0.295790490944597	-0.27647721377481	0.264444173983463	-0.794787794782398	0.241833367232777	27	724	106	2164	0	MON hCRD	RC	0.529015791788315	0.49400672718434	1.02289507515127
2	0.01	1.12507328704206	0.338766145175051	0.117848177571993	0.123194057047275	-0.123612174240665	0.359308529384651	200	560	712	2164	1	NEU hCRD	RC	0.470099997686998	1.00187922999479	1.24826734408934
2	0.001	1.32943564056484	0.0412624954593252	0.284754521777662	0.139525183175864	0.0112851627529685	0.558223880802357	135	560	424	2164	1	NEU hCRD	RC	1.38444451045297	1.18991045738898	1.4689608237407
2	1e-04	1.36650909401408	0.0512749980110962	0.312259381332065	0.160201115921112	-0.00173480587331348	0.626253568537444	93	560	288	2164	1	NEU hCRD	RC	1.29009434780543	1.20630797809297	1.52671020993519
2	1e-05	1.41393603243987	0.0516460606351573	0.34637732772397	0.177987906951838	-0.00247896990163265	0.695233625349572	69	560	214	2164	1	NEU hCRD	RC	1.28696279921038	1.23594812548803	1.59192393939171
2	5e-08	1.24737145871862	0.322400214916138	0.221038504231335	0.223375563327342	-0.216777599890256	0.658854608352925	41	560	130	2164	1	NEU hCRD	RC	0.491604677360552	1.02399589539128	1.47074702204596
2	1e-09	1.38984337412422	0.17983917131038	0.329191060307507	0.245435947691055	-0.151863397166962	0.810245517781976	36	560	106	2164	1	NEU hCRD	RC	0.745115707312981	1.14440742643316	1.63527932181528
3	0.01	0.903055150653486	0.613733035656792	-0.101971652509345	0.202023277266288	-0.49793727595127	0.29399397093258	57	167	712	2164	2	TCL hCRD	RC	0.212020499141834	0.701031873387198	1.10507842791977
3	0.001	1.28562994072774	0.246196511927021	0.251248824472825	0.216661560161529	-0.173407833443772	0.675905482389422	44	167	424	2164	2	TCL hCRD	RC	0.608718104376182	1.06896838056621	1.50229150088927
3	1e-04	1.34338371653829	0.217950981786982	0.295191592695052	0.239604553492848	-0.174433332150931	0.764816517541034	32	167	288	2164	2	TCL hCRD	RC	0.661641170309026	1.10377916304544	1.58298827003114
3	1e-05	1.5541003519379	0.0869570925134661	0.440896826397097	0.257582511158657	-0.0639648954738714	0.945758548268065	25	167	214	2164	2	TCL hCRD	RC	1.06069498969531	1.29651784077924	1.81168286309656
3	5e-08	1.66782891934926	0.0895741743639686	0.511522732338892	0.301312559107281	-0.079049883511379	1.10209534818916	17	167	130	2164	2	TCL hCRD	RC	1.0478171861853	1.36651636024198	1.96914147845654
3	1e-09	1.17599393228256	0.657506101126258	0.162113689839449	0.365648824422876	-0.554558006029388	0.878785385708285	11	167	106	2164	2	TCL hCRD	RC	0.182100212917028	0.810345107859684	1.54164275670544
1	0.01	1.05374937454047	0.635517330699033	0.0523546367778487	0.110458513987976	-0.164144050638585	0.268853324194282	280	761	846	2246	0	MON hCRD	WBC	0.196872601641318	0.943290860552494	1.16420788852845
1	0.001	1.04523933049425	0.712381345880716	0.0442458835910979	0.120018207472303	-0.190989803054615	0.279481570236811	195	761	587	2246	0	MON hCRD	WBC	0.147287461313144	0.925221123021947	1.16525753796655
1	1e-04	1.02220742860399	0.866308979531284	0.0219644345962219	0.130469895280249	-0.233756560153066	0.27768542934551	147	761	443	2246	0	MON hCRD	WBC	0.06232718399569	0.891737533323741	1.15267732388424
1	1e-05	1.05695998313983	0.699978172329542	0.0553968472687173	0.143757252093536	-0.226367366834614	0.337161061372048	112	761	335	2246	0	MON hCRD	WBC	0.154915502535221	0.913202731046294	1.20071723523337
1	5e-08	1.2791712206623	0.14316773539991	0.246212384365747	0.16816683729061	-0.0833946167238476	0.575819385455342	77	761	207	2246	0	MON hCRD	WBC	0.844154844574163	1.11100438337169	1.44733805795291
1	1e-09	1.3108314725733	0.142210396280325	0.270661647756675	0.184423510098074	-0.0908084320355494	0.6321317275489	63	761	164	2246	0	MON hCRD	WBC	0.847068653380251	1.12640796247523	1.49525498267137
2	0.01	1.44488783909994	0.00150617422664488	0.368031698551765	0.115970603135216	0.140729316406741	0.59533408069679	267	597	846	2246	1	NEU hCRD	WBC	2.82212478823227	1.32891723596472	1.56085844223516
2	0.001	1.63998730901409	5.91090499471298e-05	0.494688503400122	0.123168991344467	0.253277280364967	0.736099726435278	202	597	587	2246	1	NEU hCRD	WBC	4.2283460209596	1.51681831766962	1.76315630035856
2	1e-04	1.94365663469545	4.2385478532903e-07	0.664571062194559	0.131392172842119	0.407042403424005	0.922099720965112	165	597	443	2246	1	NEU hCRD	WBC	6.37278290928558	1.81226446185333	2.07504880753757
2	1e-05	2.43424581103561	4.16331118844052e-10	0.889636980031294	0.142392525479205	0.610547630092051	1.16872632997054	136	597	335	2246	1	NEU hCRD	WBC	9.38056112637683	2.2918532855564	2.57663833651482
2	5e-08	2.43035888439316	9.41636762492741e-08	0.888038935498187	0.166372923473305	0.561948005490509	1.21412986550587	90	597	207	2246	1	NEU hCRD	WBC	7.02611659451883	2.26398596091986	2.59673180786646
2	1e-09	2.47512892544393	6.63388686361294e-07	0.906292485752415	0.182287102476857	0.549009764897775	1.26357520660706	72	597	164	2246	1	NEU hCRD	WBC	6.17823193934768	2.29284182296707	2.65741602792079
3	0.01	1.24625893345744	0.235169222741994	0.22014621053898	0.185441241328094	-0.143318622464085	0.583611043542045	78	180	846	2246	2	TCL hCRD	WBC	0.628619516218054	1.06081769212935	1.43170017478553
3	0.001	1.18634399288357	0.38623382650588	0.170876303110589	0.197210279315969	-0.215655844348711	0.557408450569889	52	180	587	2246	2	TCL hCRD	WBC	0.413149693214522	0.989133713567601	1.38355427219954
3	1e-04	1.18222318445009	0.428058693784642	0.167396720491499	0.211221345212168	-0.246597116124351	0.581390557107348	40	180	443	2246	2	TCL hCRD	WBC	0.368496678091642	0.971001839237922	1.39344452966226
3	1e-05	1.39676745014302	0.136727924613361	0.334160602669462	0.22455715282098	-0.105971416859659	0.774292622198583	33	180	335	2246	2	TCL hCRD	WBC	0.864142778285303	1.17221029732204	1.621324602964
3	5e-08	0.90438134014916	0.731807379647219	-0.100504171089755	0.293252493696825	-0.675279058735532	0.474270716556021	16	180	207	2246	2	TCL hCRD	WBC	0.135603215341477	0.611128846452335	1.19763383384599
3	1e-09	1.10071890077861	0.753412757465771	0.0959635124984055	0.305477579861325	-0.502772544029792	0.694699569026603	14	180	164	2246	2	TCL hCRD	WBC	0.122967030203791	0.795241320917285	1.40619648063993
1	0.01	0.737332211675996	0.0604342728635297	-0.304716726244265	0.162289513498729	-0.622804172701774	0.0133707202132439	84	725	304	2286	0	MON hCRD	cd-meta	1.21871669889319	0.575042698177267	0.899621725174725
1	0.001	0.857668248958914	0.537883847875082	-0.153537910490009	0.249243312168465	-0.642054802340201	0.334978981360182	33	725	110	2286	0	MON hCRD	cd-meta	0.269311496960105	0.608424936790449	1.10691156112738
1	1e-04	0.898667497402534	0.759267289500812	-0.106842171209128	0.348652548947624	-0.790201167146472	0.576516824728216	16	725	55	2286	0	MON hCRD	cd-meta	0.119605309848545	0.55001494845491	1.24732004635016
1	1e-05	0.713679904926634	0.478542258944893	-0.337320729592297	0.476005303327395	-1.27029112411399	0.595649664929397	9	725	34	2286	0	MON hCRD	cd-meta	0.320079704666225	0.237674601599239	1.18968520825403
1	5e-08	0.342833513970643	0.164943503749704	-1.07051033166196	0.77090787722538	-2.58148977102371	0.440469107699781	3	725	19	2286	0	MON hCRD	cd-meta	0.782664784339393	0.1	1.11374139119602
1	1e-09	0.509092654923084	0.39745160817078	-0.675125245749946	0.797849396994235	-2.23891006385865	0.888659572358754	3	725	14	2286	0	MON hCRD	cd-meta	0.400715741432091	0.1	1.30694205191732
2	0.01	1.1299800706044	0.431311021935489	0.122199995935451	0.155283011129214	-0.182154705877809	0.42655469774871	89	614	304	2286	1	NEU hCRD	cd-meta	0.365209443535939	0.974697059475186	1.28526308173361
2	0.001	1.27595042351711	0.299584574335805	0.243691331124782	0.234922912025689	-0.216757576445569	0.704140238695132	35	614	110	2286	1	NEU hCRD	cd-meta	0.523480552298707	1.04102751149142	1.5108733355428
2	1e-04	1.53931288716342	0.176850569794912	0.431336139692278	0.319386208235366	-0.19466082844904	1.0573331078336	20	614	55	2286	1	NEU hCRD	cd-meta	0.752393536593434	1.21992667892805	1.85869909539879
2	1e-05	2.40342359998627	0.0282667866059815	0.876894220863622	0.399757800290044	0.0933689322951359	1.66041950943211	15	614	34	2286	1	NEU hCRD	cd-meta	1.54872355969625	2.00366579969623	2.80318140027631
2	5e-08	6.11182296382461	0.00125572544612791	1.81022508610188	0.561151647763585	0.710367856485256	2.91008231571851	11	614	19	2286	1	NEU hCRD	cd-meta	2.90110530507796	5.55067131606103	4
2	1e-09	9.11813489608923	0.00153240395750894	2.21026527616407	0.69757993112446	0.843008611160129	3.57752194116801	9	614	14	2286	1	NEU hCRD	cd-meta	2.81462673510055	8.42055496496477	4
3	0.01	1.39276557202809	0.148434068859499	0.331291390633945	0.229253945107062	-0.118046341775897	0.780629123043787	38	201	304	2286	2	TCL hCRD	cd-meta	0.828466407550508	1.16351162692103	1.62201951713515
3	0.001	1.82802444365463	0.0607274768132621	0.603235844744872	0.321644389418291	-0.0271871585149779	1.23365884800472	17	201	110	2286	2	TCL hCRD	cd-meta	1.21661476315278	1.50638005423634	2.14966883307292
3	1e-04	2.31833679637358	0.042786595562402	0.840850030469048	0.415073225841243	0.0273065078202115	1.65439355311789	11	201	55	2286	2	TCL hCRD	cd-meta	1.36869226802139	1.90326357053234	2.73341002221482
3	1e-05	2.66613843071143	0.0639170219038748	0.980631144906397	0.529281768849697	-0.0567611220390082	2.0180234118518	7	201	34	2286	2	TCL hCRD	cd-meta	1.19438346837561	2.13685666186173	3.19542019956113
3	5e-08	4.58574426281252	0.0167954315843784	1.52295241812121	0.636910620320225	0.274607602293571	2.77129723394885	5	201	19	2286	2	TCL hCRD	cd-meta	1.77480883181602	3.9488336424923	4
3	1e-09	3.21730462127089	0.167306616831465	1.16854393487465	0.846212921416512	-0.490033391101712	2.82712126085102	2	201	14	2286	2	TCL hCRD	cd-meta	0.77648688272818	2.37109169985438	4
1	0.01	0.758751913481327	0.193229214241976	-0.276080414725181	0.212192380516428	-0.69197748053738	0.139816651087017	53	268	193	886	0	MON hCRD	CD	0.713927212160072	0.546559532964899	0.970944293997755
1	0.001	0.911354849598235	0.709663178897754	-0.0928229409908103	0.249317283197495	-0.5814848160579	0.395838934076279	37	268	122	886	0	MON hCRD	CD	0.148947727695405	0.66203756640074	1.16067213279573
1	1e-04	1.05419077660664	0.84565836800994	0.0527734362132929	0.271104351078292	-0.478591091900159	0.584137964326744	31	268	96	886	0	MON hCRD	CD	0.0728050493172151	0.783086425528348	1.32529512768493
1	1e-05	0.940575670987514	0.840968642904808	-0.0612631752240404	0.305316538642572	-0.659683590963482	0.537157240515401	25	268	81	886	0	MON hCRD	CD	0.075220197385557	0.635259132344942	1.24589220963009
1	5e-08	0.951882169836253	0.899821424257366	-0.0493140230314634	0.391732651086327	-0.817110019160664	0.718481973097737	15	268	50	886	0	MON hCRD	CD	0.0458436707325933	0.560149518749926	1.34361482092258
1	1e-09	1.25698133528145	0.575652189634773	0.228713080875319	0.408600998350711	-0.572144875892075	1.02957103764271	15	268	43	886	0	MON hCRD	CD	0.239839839052825	0.848380336930739	1.66558233363216
2	0.01	1.08002062907699	0.705323730468565	0.0769801419509158	0.203573694840309	-0.32202429993609	0.475984583837922	60	257	193	886	1	NEU hCRD	CD	0.151611504163087	0.876446934236681	1.2835943239173
2	0.001	0.945595025603875	0.821174233348831	-0.055940892915338	0.247487795988923	-0.541016973053628	0.429135187222952	37	257	122	886	1	NEU hCRD	CD	0.085564686298501	0.698107229614952	1.1930828215928
2	1e-04	1.08597545592201	0.75893523934553	0.0824786208162155	0.268765663323194	-0.444302079297244	0.609259320929675	33	257	96	886	1	NEU hCRD	CD	0.119795281278197	0.817209792598816	1.3547411192452
2	1e-05	1.3116493211236	0.350367060455942	0.271285369065738	0.290493511724048	-0.298081913913396	0.840652652044872	30	257	81	886	1	NEU hCRD	CD	0.455476730513829	1.02115580939955	1.60214283284765
2	5e-08	1.39006710600885	0.369780910352327	0.329352023681479	0.367218153948241	-0.390395558057074	1.04909960542003	21	257	50	886	1	NEU hCRD	CD	0.432055512708047	1.02284895206061	1.75728525995709
2	1e-09	1.6189157837789	0.222181705071575	0.48175665591135	0.394640764587301	-0.29173924267976	1.25525255450246	19	257	43	886	1	NEU hCRD	CD	0.653291704682159	1.2242750191916	2.0135565483662
3	0.01	2.04554097342292	0.00882565875216311	0.715662289192768	0.273285538272791	0.180022634178097	1.25130194420744	28	90	193	886	2	TCL hCRD	CD	2.05425286874444	1.77225543515013	2.31882651169571
3	0.001	2.57494164740348	0.00186492479240611	0.945826872656397	0.304032448291279	0.349923274005489	1.5417304713073	22	90	122	886	2	TCL hCRD	CD	2.72933867747546	2.2709091991122	2.87897409569476
3	1e-04	1.98713659650689	0.0460156572654484	0.686694706303415	0.344164803051299	0.012131692322868	1.36125772028396	15	90	96	886	2	TCL hCRD	CD	1.33709437034026	1.64297179345559	2.33130139955819
3	1e-05	1.71810562545996	0.171607376760858	0.541222303313564	0.395903187307477	-0.23474794380909	1.31719255043622	11	90	81	886	2	TCL hCRD	CD	0.765464047386633	1.32220243815248	2.11400881276744
3	5e-08	1.52286718191026	0.414844767301286	0.420594861909418	0.515815683768634	-0.590403878277103	1.43159360209594	6	90	50	886	2	TCL hCRD	CD	0.382114383568329	1.00705149814163	2.03868286567889
3	1e-09	1.78275067409043	0.272467994475881	0.57815749404452	0.526844548424043	-0.454457820866604	1.61077280895564	5	90	43	886	2	TCL hCRD	CD	0.564684504906078	1.25590612566639	2.30959522251447
1	0.01	1.21186325670621	0.28266738997236	0.19215905678213	0.178861334105935	-0.158409158065502	0.542727271629762	62	791	185	2396	0	MON hCRD	CEL	0.548724291163646	1.03300192260027	1.39072459081215
1	0.001	0.673977305372148	0.338370385231671	-0.394558840191406	0.412119190971331	-1.20231245449522	0.413194774112403	10	791	44	2396	0	MON hCRD	CEL	0.470607654182906	0.261858114400817	1.08609649634348
1	1e-04	0.818590386553147	0.735160492675371	-0.200171458758799	0.591752323342487	-1.36000601251007	0.959663094992475	5	791	21	2396	0	MON hCRD	CEL	0.133617839862017	0.22683806321066	1.41034270989563
1	1e-05	0.941297023694748	0.942999285279345	-0.060496542343291	0.846097468711554	-1.71884758101794	1.59785449633136	2	791	9	2396	0	MON hCRD	CEL	0.025488636424235	0.1	1.7873944924063
1	5e-08	1.09300123242431	0.943132289084147	0.0889273367548868	1.24664100908089	-2.35448904104365	2.53234371455342	1	791	3	2396	0	MON hCRD	CEL	0.0254273863827442	0.1	2.3396422415052
1	1e-09	1.09300123242431	0.943132289084147	0.0889273367548868	1.24664100908089	-2.35448904104365	2.53234371455342	1	791	3	2396	0	MON hCRD	CEL	0.0254273863827442	0.1	2.3396422415052
2	0.01	1.12467766003286	0.531807783386535	0.117496470185182	0.187919547798166	-0.250825843499223	0.485818783869587	57	619	185	2396	1	NEU hCRD	CEL	0.274245310748178	0.936758112234694	1.31259720783103
2	0.001	1.92453830630577	0.0652288228220695	0.654686098093207	0.355096190378602	-0.0413024350488522	1.35067463123527	17	619	44	2396	1	NEU hCRD	CEL	1.18556045907513	1.56944211592717	2.27963449668437
2	1e-04	2.69403364759815	0.0600283540510784	0.991039567738737	0.5269846425156	-0.0418503315918389	2.02392946706931	10	619	21	2396	1	NEU hCRD	CEL	1.22164356462904	2.16704900508255	3.22101829011375
2	1e-05	3.18027284296142	0.136371549724023	1.15696699278491	0.776779874006985	-0.365521560268783	2.6794555458386	5	619	9	2396	1	NEU hCRD	CEL	0.865276224156293	2.40349296895444	3.95705271696841
2	5e-08	1340680518.58052	0.997576252140608	21.0164431716842	6918.48769465246	-13539.2194383471	13581.2523246905	3	619	3	2396	1	NEU hCRD	CEL	0.00105389802896255	1340673600.09283	4
2	1e-09	1340680518.58052	0.997576252140608	21.0164431716842	6918.48769465246	-13539.2194383471	13581.2523246905	3	619	3	2396	1	NEU hCRD	CEL	0.00105389802896255	1340673600.09283	4
3	0.01	1.1194599074422	0.693042010174631	0.112846343500863	0.28588221170432	-0.447482791439604	0.67317547844133	17	199	185	2396	2	TCL hCRD	CEL	0.159240438932144	0.83357769573788	1.40534211914652
3	0.001	1.41136731735209	0.495577803965852	0.344558963125532	0.505615638707123	-0.646447688740428	1.33556561499149	6	199	44	2396	2	TCL hCRD	CEL	0.304888153125308	0.905751678644967	1.91698295605921
3	1e-04	0.62862009299726	0.658945686714668	-0.464228190450465	1.05179092391318	-2.5257384013203	1.59728202041937	1	199	21	2396	2	TCL hCRD	CEL	0.181150380447265	0.1	1.68041101691044
3	1e-05	1.41859142409454	0.754748889350151	0.349664424437351	1.11934251034246	-1.84424689583387	2.54357574470857	1	199	9	2396	2	TCL hCRD	CEL	0.122197517389933	0.29924891375208	2.537933934437
3	5e-08	11.2280373470314	0.146482605793565	2.41841398473488	1.66549598846848	-0.845958152663338	5.68278612213309	1	199	3	2396	2	TCL hCRD	CEL	0.834213942930142	9.56254135856292	4
3	1e-09	11.2280373470314	0.146482605793565	2.41841398473488	1.66549598846848	-0.845958152663338	5.68278612213309	1	199	3	2396	2	TCL hCRD	CEL	0.834213942930142	9.56254135856292	4
1	0.01	0.823815343727678	0.476436008596691	-0.19380887160411	0.272185711682805	-0.727292866502408	0.339675123294188	27	266	98	866	0	MON hCRD	DT1	0.321995422370067	0.551629632044873	1.09600105541048
1	0.001	0.860120094357807	0.664433306649965	-0.150683254881882	0.347356098519508	-0.831501207980117	0.530134698216353	17	266	55	866	0	MON hCRD	DT1	0.177548605402255	0.512763995838299	1.20747619287732
1	1e-04	1.05278541554589	0.914382668032511	0.0514394284780417	0.478452129431525	-0.886326745207748	0.989205602163831	11	266	28	866	0	MON hCRD	DT1	0.0388720145125764	0.574333286114365	1.53123754497741
1	1e-05	1.62225927686351	0.339238661143948	0.483819793019366	0.506262067333985	-0.508453858955244	1.47609344499398	10	266	22	866	0	MON hCRD	DT1	0.469494659467521	1.11599720952952	2.1285213441975
1	5e-08	1.43754687891548	0.574411394941883	0.36293810457709	0.646295835135139	-0.903801732287782	1.62967794144196	5	266	13	866	0	MON hCRD	DT1	0.2407769533213	0.791251043780341	2.08384271405062
1	1e-09	1.08087007392296	0.927872376875528	0.077766340798039	0.859087321930467	-1.60604481018568	1.76157749178176	3	266	8	866	0	MON hCRD	DT1	0.0325117542017201	0.221782751992493	1.93995739585343
2	0.01	1.19658739414567	0.481875866873757	0.179473667191304	0.255192033586171	-0.32070271863759	0.679650053020198	31	253	98	866	1	NEU hCRD	DT1	0.317064823327353	0.941395360559499	1.45177942773184
2	0.001	0.746708802058715	0.407108884160964	-0.292079993064713	0.352331460334615	-0.982649655320559	0.398489669191133	14	253	55	866	1	NEU hCRD	DT1	0.390289420096692	0.3943773417241	1.09904026239333
2	1e-04	0.97145460263947	0.951233049308626	-0.0289607403975327	0.473536492693281	-0.957092266076364	0.899170785281298	8	253	28	866	1	NEU hCRD	DT1	0.0217130691515347	0.497918109946189	1.44499109533275
2	1e-05	0.648484143605954	0.457691507924567	-0.433117726402046	0.583202993858772	-1.57619559436524	0.709960141561148	4	253	22	866	1	NEU hCRD	DT1	0.339427145461524	0.1	1.23168713746473
2	5e-08	0.531252456741555	0.425494770500479	-0.632517934299511	0.793698503846583	-2.18816700183881	0.923131133239792	2	253	13	866	1	NEU hCRD	DT1	0.371105773198058	0.1	1.32495096058814
2	1e-09	0.427325452241747	0.438130391969122	-0.850209372831707	1.09654319978566	-2.9994340444116	1.29901529874818	1	253	8	866	1	NEU hCRD	DT1	0.358396619894911	0.1	1.52386865202741
3	0.01	1.64064193394325	0.17092538408022	0.495087588386186	0.361579329970478	-0.213607898355951	1.20378307512832	16	88	98	866	2	TCL hCRD	DT1	0.767193435539478	1.27906260397277	2.00222126391373
3	0.001	2.25653872315863	0.0553977487907597	0.813832100854995	0.424812658012031	-0.0188007088485855	1.64646491055858	11	88	55	866	2	TCL hCRD	DT1	1.25650788342348	1.8317260651466	2.68135138117066
3	1e-04	1.54655298776354	0.506237453403726	0.436028575578038	0.655970377221303	-0.849673363775717	1.72173051493179	5	88	28	866	2	TCL hCRD	DT1	0.295645727204536	0.890582610542237	2.20252336498484
3	1e-05	2.10691909830546	0.26426124210977	0.745226737457194	0.667541015277866	-0.563153652487424	2.05360712740181	5	88	22	866	2	TCL hCRD	DT1	0.577966528022867	1.43937808302759	2.77446011358333
3	5e-08	3.94926920993871	0.0547111377063826	1.37353055165444	0.714947361858266	-0.0277662775877567	2.77482738089665	4	88	13	866	2	TCL hCRD	DT1	1.26192425406796	3.23432184808044	4
3	1e-09	5.14987873644644	0.0688390955511349	1.63897316807735	0.900794883659084	-0.126584803894459	3.40453114004915	2	88	8	866	2	TCL hCRD	DT1	1.16216484432547	4.24908385278736	4
1	0.01	0.987435215950739	0.925844487610371	-0.0126443884594207	0.135852544201545	-0.27891537509445	0.253626598175608	122	912	381	2758	0	MON hCRD	DT2	0.0334619548348011	0.851582671749194	1.12328776015228
1	0.001	0.834247048869516	0.475676996676853	-0.181225698822279	0.254076296866612	-0.679215240680838	0.316763843036279	26	912	92	2758	0	MON hCRD	DT2	0.322687850173252	0.580170752002904	1.08832334573613
1	1e-04	0.947941985813669	0.89080800601285	-0.0534619749987747	0.389432178969838	-0.816749045779656	0.709825095782107	11	912	35	2758	0	MON hCRD	DT2	0.0502158884593079	0.558509806843831	1.33737416478351
1	1e-05	0.90929326770782	0.891958016688161	-0.0950876100961979	0.700063935637994	-1.46721292394667	1.27703770375427	4	912	13	2758	0	MON hCRD	DT2	0.0496555868231613	0.209229332069826	1.60935720334581
1	5e-08	1.09866754691538	0.940671820338118	0.0940981245760417	1.26432642978838	-2.38398167780918	2.57217792696126	1	912	3	2758	0	MON hCRD	DT2	0.0265618659197513	0.1	2.36299397670376
1	1e-09	1.00816374144517e-08	0.99828031849482	-18.4125501455856	8542.90638572584	-16762.5090661682	16725.6839658771	0	912	1	2758	0	MON hCRD	DT2	0.000747491096009089	0.1	4
2	0.01	0.803670321131444	0.136618773644141	-0.218566142239957	0.146836392569161	-0.506365471675513	0.0692331871955993	98	720	381	2758	1	NEU hCRD	DT2	0.864489617419987	0.656833928562283	0.950506713700605
2	0.001	0.979385871713628	0.934592919735343	-0.0208295652686238	0.253809702852839	-0.518296582860189	0.476637452322942	26	720	92	2758	1	NEU hCRD	DT2	0.0293775134160479	0.725576168860789	1.23319557456647
2	1e-04	1.01195845896321	0.975759297259111	0.0118875215674397	0.39121846677637	-0.754900673314245	0.778675716449125	10	720	35	2758	1	NEU hCRD	DT2	0.0106573019692426	0.62073999218684	1.40317692573958
2	1e-05	0.971115611519443	0.966617651895022	-0.0293097533917577	0.700339436098092	-1.40197504814402	1.3433555413605	3	720	13	2758	1	NEU hCRD	DT2	0.0147452782529987	0.270776175421351	1.67145504761754
2	5e-08	1.10977016347887	0.933465775550863	0.104152933955427	1.2475622253426	-2.34106902771608	2.54937489562693	1	720	3	2758	1	NEU hCRD	DT2	0.0299016003307352	0.1	2.35733238882147
2	1e-09	3.25451501981033e-09	0.998360248226127	-19.5432225678368	9509.50310115459	-18658.1693008308	18619.0828556952	0	720	1	2758	1	NEU hCRD	DT2	0.000712719648565056	0.1	4
3	0.01	1.07285729198192	0.746194184952488	0.0703254557185136	0.217280759343309	-0.355544832594371	0.496195744031399	35	238	381	2758	2	TCL hCRD	DT2	0.127148139713424	0.855576532638611	1.29013805132523
3	0.001	1.55856287245197	0.193604172048419	0.443764161055425	0.34135950079908	-0.225300460510771	1.11282878262162	11	238	92	2758	2	TCL hCRD	DT2	0.713085288153225	1.21720337165289	1.89992237325105
3	1e-04	1.07839814751042	0.903254746721088	0.0754767433613932	0.620947924510094	-1.14158118867839	1.29253467540118	3	238	35	2758	2	TCL hCRD	DT2	0.0441897474799967	0.457450223000326	1.69934607202051
3	1e-05	3.36326972024518	0.143048123073443	1.21291363181542	0.828190879159051	-0.410340491336316	2.83616775496716	2	238	13	2758	2	TCL hCRD	DT2	0.844517836175351	2.53507884108613	4
3	5e-08	10.9408717342457	0.107348842765228	2.39250547702274	1.4858210119253	-0.519703706350852	5.30471466039633	1	238	3	2758	2	TCL hCRD	DT2	0.969202632954651	9.4550507223204	4
3	1e-09	6.25446345531193e-09	0.999121128862815	-18.889970475234	17149.2862954402	-33631.491109538	33593.7111685875	0	238	1	2758	2	TCL hCRD	DT2	0.000381856711194593	0.1	4
1	0.01	0.981386829876671	0.906371417717598	-0.0187885751466921	0.159744188890556	-0.331887185372183	0.294310035078798	88	815	274	2516	0	MON hCRD	Height	0.0426937983380047	0.821642640986115	1.14113101876723
1	0.001	0.705959980015006	0.140784091451979	-0.348196728626733	0.236405775355642	-0.811552048323792	0.115158591070326	37	815	128	2516	0	MON hCRD	Height	0.85144641753029	0.469554204659364	0.942365755370648
1	1e-04	0.453729792560734	0.0211405238882843	-0.79025342869617	0.342773930965975	-1.46209033338948	-0.118416524002859	20	815	77	2516	0	MON hCRD	Height	1.67488425454175	0.110955861594759	0.796503723526709
1	1e-05	0.429789631341623	0.047962500250333	-0.844459419444382	0.426990540722716	-1.68136087926091	-0.00755795962785843	15	815	53	2516	0	MON hCRD	Height	1.31909818552689	0.1	0.856780172064339
1	5e-08	0.59243105833823	0.36092064244635	-0.523520769977934	0.573022949871422	-1.64664575172592	0.599604211770054	8	815	24	2516	0	MON hCRD	Height	0.442588278250359	0.1	1.16545400820965
1	1e-09	0.50181653031685	0.381541834216851	-0.689520703550045	0.78797057941041	-2.23394303919445	0.854901632094359	4	815	13	2516	0	MON hCRD	Height	0.418457836808813	0.1	1.28978710972726
2	0.01	0.836425163161769	0.291116934019237	-0.178618226799181	0.169198195515087	-0.510246690008752	0.15301023641039	71	673	274	2516	1	NEU hCRD	Height	0.535932531293553	0.667226967646682	1.00562335867686
2	0.001	1.01771233411881	0.938450047400635	0.0175572987441626	0.22737285720734	-0.428093501382224	0.46320809887055	34	673	128	2516	1	NEU hCRD	Height	0.0275888394151735	0.79033947691147	1.24508519132615
2	1e-04	1.23689204062454	0.454267490108862	0.212601814439597	0.284105687659332	-0.344245333372694	0.769448962251889	24	673	77	2516	1	NEU hCRD	Height	0.342688342585613	0.952786352965208	1.52099772828387
2	1e-05	1.15971480941979	0.671905614567836	0.148174120942783	0.349851679348459	-0.537535170580197	0.833883412465762	16	673	53	2516	1	NEU hCRD	Height	0.172691729849926	0.809863130071331	1.50956648876825
2	5e-08	0.685420603572058	0.510880692608891	-0.377722609339724	0.574511903739075	-1.50376594066831	0.748320721988863	4	673	24	2516	1	NEU hCRD	Height	0.291680510024456	0.110908699832983	1.25993250731113
2	1e-09	0.639781260594413	0.572319152579781	-0.446628941369854	0.79099873003621	-1.99698645224083	1.10372856950112	2	673	13	2516	1	NEU hCRD	Height	0.242361720244794	0.1	1.43077999063062
3	0.01	0.989922875011909	0.967310478355428	-0.0101282429165521	0.24714057472096	-0.494523769369633	0.474267283536529	26	217	274	2516	2	TCL hCRD	Height	0.0144341077220605	0.742782300290949	1.23706344973287
3	0.001	1.02402506570538	0.944031021322995	0.0237410045456345	0.338170048956698	-0.639072291409493	0.686554300500762	13	217	128	2516	2	TCL hCRD	Height	0.0250137343374808	0.685855016748682	1.36219511466208
3	1e-04	0.752139303432319	0.55730375826745	-0.284833728261878	0.485359506470479	-1.23613836094402	0.66647090442026	5	217	77	2516	2	TCL hCRD	Height	0.253908028199297	0.26677979696184	1.2374988099028
3	1e-05	0.667302936481508	0.514874479990418	-0.404511158540511	0.621114656824751	-1.62189588591702	0.812873568836	3	217	53	2516	2	TCL hCRD	Height	0.288298633661224	0.1	1.28841759330626
3	5e-08	0.526537021355867	0.538999644235537	-0.6414336339146	1.04412509077359	-2.68791881183083	1.40505154400163	1	217	24	2516	2	TCL hCRD	Height	0.268411521467425	0.1	1.57066211212946
3	1e-09	1.0164074857366	0.987875076751107	0.0162743373881458	1.07089690233993	-2.08268359119813	2.11523226597442	1	217	13	2516	2	TCL hCRD	Height	0.00529797131101985	0.1	2.08730438807653
1	0.01	0.691160885593687	0.0808665885638738	-0.36938265222302	0.211598157752574	-0.784115041418065	0.0453497369720238	51	264	199	864	0	MON hCRD	IBD	1.09223087764041	0.479562727841113	0.902759043346261
1	0.001	0.806563120762711	0.366631250653884	-0.214973119429565	0.23811781163162	-0.68168403022754	0.251737791368411	35	264	133	864	0	MON hCRD	IBD	0.435770519711768	0.568445309131091	1.04468093239433
1	1e-04	0.957836079719413	0.870920567316719	-0.043078622416414	0.265116700062464	-0.562707354538844	0.476550109706016	28	264	97	864	0	MON hCRD	IBD	0.0600214532003147	0.692719379656949	1.22295277978188
1	1e-05	0.918349249945937	0.777001147862818	-0.0851775141488896	0.300737052793893	-0.67462213762492	0.504267109327141	21	264	76	864	0	MON hCRD	IBD	0.10957833961592	0.617612197152044	1.21908630273983
1	5e-08	0.874135077185725	0.708938215735877	-0.134520364712559	0.360371494720573	-0.840848494364882	0.571807764939764	15	264	57	864	0	MON hCRD	IBD	0.149391612114786	0.513763582465152	1.2345065719063
1	1e-09	1.16871958420873	0.692053069722993	0.155908777075689	0.393639020176485	-0.615623702470222	0.9274412566216	13	264	41	864	0	MON hCRD	IBD	0.159860600623991	0.775080564032245	1.56235860438521
2	0.01	1.19316211927858	0.390544337409982	0.176607025986034	0.20568451814093	-0.226534629570189	0.579748681542257	61	233	199	864	1	NEU hCRD	IBD	0.40832965474585	0.98747760113765	1.39884663741951
2	0.001	1.00121356114181	0.995946513921822	0.00121282537169728	0.238730430485598	-0.466698818380075	0.469124469123469	40	233	133	864	1	NEU hCRD	IBD	0.00176398419912733	0.762483130656212	1.23994399162741
2	1e-04	0.981412178264929	0.945547854975437	-0.0187627463296266	0.274715989515132	-0.557206085779286	0.519680593120032	29	233	97	864	1	NEU hCRD	IBD	0.0243164862522269	0.706696188749797	1.25612816778006
2	1e-05	1.25338668550287	0.447377832018561	0.225849236048067	0.297250684790799	-0.356762106141899	0.808460578238033	27	233	76	864	1	NEU hCRD	IBD	0.349325539395701	0.956136000712071	1.55063737029367
2	5e-08	1.51997018658474	0.22120442791934	0.41869072057684	0.342254443981773	-0.252127989627435	1.08950943078111	23	233	57	864	1	NEU hCRD	IBD	0.655206183869651	1.17771574260297	1.86222463056651
2	1e-09	1.82271315140245	0.11587776357003	0.600326133563945	0.381810604963296	-0.148022652164116	1.34867491929201	17	233	41	864	1	NEU hCRD	IBD	0.935999895230165	1.44090254643915	2.20452375636575
3	0.01	2.07444257060048	0.00657687970816126	0.729692476917827	0.268511935701097	0.203409082943676	1.25597587089198	37	100	199	864	2	TCL hCRD	IBD	2.18198010136099	1.80593063489938	2.34295450630158
3	0.001	1.73863910801258	0.0667433982175464	0.553102685377736	0.301681725384324	-0.0381934963755389	1.14439886713101	22	100	133	864	2	TCL hCRD	IBD	1.17559168516164	1.43695738262826	2.0403208333969
3	1e-04	1.54631451933803	0.211664683228124	0.435874370184213	0.348978380687867	-0.248123255964006	1.11987199633243	14	100	97	864	2	TCL hCRD	IBD	0.674351599036113	1.19733613865016	1.8952929000259
3	1e-05	1.6755210666768	0.175841343377603	0.51612420148342	0.381277412806937	-0.231179527618175	1.26342793058502	12	100	76	864	2	TCL hCRD	IBD	0.754879007022203	1.29424365386986	2.05679847948374
3	5e-08	1.56409800923628	0.317456807753283	0.447309305911799	0.447444552019126	-0.429682016045687	1.32430062786929	9	100	57	864	2	TCL hCRD	IBD	0.498315355192296	1.11665345721715	2.01154256125541
3	1e-09	1.29281539980153	0.621145691198192	0.256822320688942	0.519644184877299	-0.761680281670563	1.27532492304845	7	100	41	864	2	TCL hCRD	IBD	0.206806523072286	0.773171214924231	1.81245958467883
1	0.01	0.963552112769917	0.878862033822437	-0.0371287056470126	0.24360757847836	-0.514599559464599	0.440342148170574	33	277	114	915	0	MON hCRD	MS	0.0560792963169005	0.719944534291557	1.20715969124828
1	0.001	0.732249137613286	0.352703382483227	-0.311634470996687	0.335322167613409	-0.968865919518968	0.345596977525594	15	277	60	915	0	MON hCRD	MS	0.4525903753573	0.396926969999877	1.0675713052267
1	1e-04	0.581755864064661	0.18873587778732	-0.541704396808148	0.412153155568676	-1.34952458172275	0.266115788106456	9	277	44	915	0	MON hCRD	MS	0.724145534684165	0.169602708495985	0.993909019633337
1	1e-05	0.365103921947497	0.0424758135808393	-1.00757324825965	0.496628227945217	-1.98096457503228	-0.0341819214870274	6	277	39	915	0	MON hCRD	MS	1.37185829391188	0.1	0.861732149892714
1	5e-08	0.444895643460183	0.149329858953115	-0.80991553339569	0.561699206288146	-1.91084597772046	0.291014910929077	5	277	28	915	0	MON hCRD	MS	0.82585334510797	0.1	1.00659484974833
1	1e-09	0.438047552754038	0.199772447866834	-0.82542780656717	0.643758943844526	-2.08719533650244	0.436339723368102	4	277	20	915	0	MON hCRD	MS	0.69946440882527	0.1	1.08180649659856
2	0.01	0.656518087893315	0.110187841823331	-0.420805033610739	0.263439564321349	-0.937146579680582	0.0955365124591041	27	258	114	915	1	NEU hCRD	MS	0.957866323091657	0.393078523571966	0.919957652214664
2	0.001	0.627679350944786	0.188924591248301	-0.465725830575746	0.354496492855717	-1.16053895657295	0.229087295421459	13	258	60	915	1	NEU hCRD	MS	0.723711508735961	0.273182858089069	0.982175843800503
2	1e-04	0.624184693235602	0.253144276250533	-0.4713089716576	0.412435643162909	-1.2796828322569	0.337064888941702	10	258	44	915	1	NEU hCRD	MS	0.596631887834366	0.211749050072693	1.03662033639851
2	1e-05	0.607285989290734	0.255075887615486	-0.49875544683587	0.438232550191365	-1.35769124521095	0.360180351539206	8	258	39	915	1	NEU hCRD	MS	0.593330593410903	0.169053439099369	1.0455185394821
2	5e-08	0.639897826139677	0.388924559844752	-0.446446762030057	0.518178574399235	-1.46207676785256	0.569183243792444	5	258	28	915	1	NEU hCRD	MS	0.410134631117725	0.121719251740442	1.15807640053891
2	1e-09	0.742384183382852	0.608197381196961	-0.297888402447694	0.58107755303597	-1.4368004063982	0.841023601502808	4	258	20	915	1	NEU hCRD	MS	0.215955454192146	0.161306630346882	1.32346173641882
3	0.01	1.48481703764585	0.22774820692296	0.395291557691571	0.327721943573149	-0.2470434517118	1.03762656709494	17	95	114	915	2	TCL hCRD	MS	0.64254503357134	1.1570950940727	1.812538981219
3	0.001	1.32193560005919	0.520226314724263	0.279097026218109	0.434056777305423	-0.57165425730052	1.12984830973674	8	95	60	915	2	TCL hCRD	MS	0.283807683569415	0.887878822753767	1.75599237736461
3	1e-04	1.53606721473093	0.364923149249608	0.42922539335851	0.473746162503165	-0.499317085147693	1.35776787186471	7	95	44	915	2	TCL hCRD	MS	0.437798585874928	1.06232105222777	2.00981337723409
3	1e-05	1.70756546281397	0.265054579174406	0.53506865012555	0.48008727494611	-0.405902408768826	1.47603970901993	7	95	39	915	2	TCL hCRD	MS	0.576664688351355	1.22747818786786	2.18765273776008
3	5e-08	1.09268006042477	0.891220116604271	0.0886334494412169	0.648092523867251	-1.1816278973386	1.35889479622103	4	95	28	915	2	TCL hCRD	MS	0.0500150191725586	0.444587536557519	1.74077258429202
3	1e-09	0.962244265898463	0.960539602432337	-0.038486945891934	0.777884104124052	-1.56313978997508	1.48616589819121	2	95	20	915	2	TCL hCRD	MS	0.0174847247499453	0.184360161774411	1.74012837002251
1	0.01	0.903581242992565	0.535794447845172	-0.101389252690765	0.163746282022856	-0.422331965455563	0.219553460074032	87	739	272	2164	0	MON hCRD	RA	0.271001791068791	0.739834960969709	1.06732752501542
1	0.001	0.562189956742131	0.0360154120540476	-0.575915484877506	0.274670110989312	-1.11426890241656	-0.0375620673384531	29	739	110	2164	0	MON hCRD	RA	1.44351161207498	0.287519845752819	0.836860067731443
1	1e-04	0.616257468855197	0.148972989679983	-0.48409043385252	0.335435819733324	-1.14154464052984	0.173363772824795	19	739	65	2164	0	MON hCRD	RA	0.826892466462203	0.280821649121873	0.951693288588521
1	1e-05	0.47413206643362	0.101581544562915	-0.746269374926755	0.455811011637334	-1.63965895773593	0.14712020788242	12	739	43	2164	0	MON hCRD	RA	0.993185187943224	0.1	0.929943078070954
1	5e-08	2.72567480579601e-08	0.988138764742519	-17.4179647113392	1171.63288004988	-2313.8184096091	2278.98248018642	4	739	27	2164	0	MON hCRD	RA	0.00518206297283978	0.1	4
1	1e-09	3.59036395551338e-08	0.987990804672719	-17.142427166225	1138.89075409096	-2249.36830518451	2215.08345085206	2	739	21	2164	0	MON hCRD	RA	0.00524709741488322	0.1	4
2	0.01	0.85369448689905	0.374073269861866	-0.158181892877029	0.177958530214568	-0.506980612097583	0.190616826343525	62	526	272	2164	1	NEU hCRD	RA	0.427043324055859	0.675735956684482	1.03165301711362
2	0.001	0.827488601785267	0.478855599374384	-0.189359946103408	0.26740301881628	-0.713469862983317	0.3347499707765	27	526	110	2164	1	NEU hCRD	RA	0.319795429903834	0.560085582968987	1.09489162060155
2	1e-04	0.963152428163762	0.906685288730112	-0.0375435950121404	0.320281703807557	-0.665295734474953	0.590208544450672	15	526	65	2164	1	NEU hCRD	RA	0.0425434307850857	0.642870724356205	1.28343413197132
2	1e-05	0.576713311576492	0.228448350706427	-0.550409996302744	0.457012433851091	-1.44615436665088	0.345334374045394	6	526	43	2164	1	NEU hCRD	RA	0.641211973006321	0.119700877725401	1.03372574542758
2	5e-08	0.580649638796057	0.330971791146835	-0.543607735358837	0.559176137158815	-1.63959296419011	0.552377493472441	4	526	27	2164	1	NEU hCRD	RA	0.480209019732837	0.1	1.13982577595487
2	1e-09	0.771442670366743	0.651778541905808	-0.259492919250763	0.574999038364988	-1.38649103444614	0.867505195944615	4	526	21	2164	1	NEU hCRD	RA	0.185899941639058	0.196443632001755	1.34644170873173
3	0.01	1.32478911770356	0.237637187289612	0.281253290321307	0.238165919830668	-0.185551912546802	0.748058493189416	38	188	272	2164	2	TCL hCRD	RA	0.624085596641378	1.08662319787289	1.56295503753423
3	0.001	2.10162824159911	0.0147876097882855	0.742712397440845	0.304697618745534	0.145505064699599	1.33991973018209	23	188	110	2164	2	TCL hCRD	RA	1.8301020180009	1.79693062285358	2.40632586034464
3	1e-04	2.06073869505916	0.0531031718412355	0.723064508358064	0.373854308678086	-0.00968993665098439	1.45581895336711	13	188	65	2164	2	TCL hCRD	RA	1.27487953782614	1.68688438638107	2.43459300373725
3	1e-05	2.65036678725214	0.0228143189017654	0.974698040704139	0.428150793047613	0.135522486330818	1.81387359507746	10	188	43	2164	2	TCL hCRD	RA	1.64179249211684	2.22221599420453	3.07851758029975
3	5e-08	2.38750622329432	0.101415193433844	0.870249399984775	0.531277682776137	-0.171054858256453	1.911553658226	6	188	27	2164	2	TCL hCRD	RA	0.993896976657652	1.85622854051818	2.91878390607046
3	1e-09	2.2600934836048	0.169046673581081	0.815406176855615	0.592904746395817	-0.346687126080186	1.97749947979142	5	188	21	2164	2	TCL hCRD	RA	0.771993370651507	1.66718873720898	2.85299823000062
1	0.01	0.807067864838407	0.388613204569045	-0.214347519033114	0.248624062434587	-0.701650681404905	0.272955643338676	38	255	138	843	0	MON hCRD	UC	0.410482446726348	0.55844380240382	1.05569192727299
1	0.001	0.873891073222245	0.646266399963273	-0.134799541274085	0.293709640321499	-0.710470436304223	0.440871353756052	25	255	88	843	0	MON hCRD	UC	0.189588422895013	0.580181432900746	1.16760071354374
1	1e-04	0.799194149035298	0.500415110986121	-0.224151372701497	0.332649376004857	-0.876144149671016	0.427841404268022	18	255	64	843	0	MON hCRD	UC	0.30066958443265	0.466544773030441	1.13184352504015
1	1e-05	0.822986184126367	0.614432145714755	-0.194815865655735	0.386725870653042	-0.952798572135696	0.563166840824227	12	255	45	843	0	MON hCRD	UC	0.211526071066824	0.436260313473325	1.20971205477941
1	5e-08	1.47863017572128	0.40341062497966	0.391116102238639	0.468096698413166	-0.526353426651167	1.30858563112844	10	255	26	843	0	MON hCRD	UC	0.394252667577716	1.01053347730811	1.94672687413445
1	1e-09	0.834981141837749	0.792306034924611	-0.180346139011769	0.684900484764859	-1.52275108915089	1.16205881112735	5	255	16	843	0	MON hCRD	UC	0.101107036078367	0.15008065707289	1.51988162660261
2	0.01	0.740428848917495	0.247297959098615	-0.30052573507983	0.259759732061153	-0.80965480991969	0.20860333976003	32	234	138	843	1	NEU hCRD	UC	0.606779467770798	0.480669116856342	1.00018858097865
2	0.001	0.667995256010527	0.21174643486455	-0.403474207251357	0.323095331304552	-1.03674105660828	0.229792642105565	18	234	88	843	1	NEU hCRD	UC	0.67418389307134	0.344899924705975	0.991090587315079
2	1e-04	0.866031161180154	0.674217335012788	-0.143834388180057	0.342163802244887	-0.814475440580035	0.526806664219921	16	234	64	843	1	NEU hCRD	UC	0.171200085390228	0.523867358935267	1.20819496342504
2	1e-05	1.1861168237086	0.654114501767983	0.170684798008311	0.380947260832051	-0.575971833222509	0.917341429239131	12	234	45	843	1	NEU hCRD	UC	0.184346222419788	0.805169562876549	1.56706408454065
2	5e-08	0.733780510961035	0.565734278405673	-0.309545326474658	0.538953518839764	-1.3658942234006	0.746803570451279	5	234	26	843	1	NEU hCRD	UC	0.247387506125392	0.194826992121271	1.2727340298008
2	1e-09	0.759930934756874	0.693715861702834	-0.274527725151075	0.697093956524535	-1.64083187993916	1.09177642963701	3	234	16	843	1	NEU hCRD	UC	0.158818375312692	0.1	1.45702489128141
3	0.01	1.61675472265782	0.148445356548357	0.480420882421366	0.332460935889904	-0.171202551922846	1.13204431676558	23	90	138	843	2	TCL hCRD	UC	0.828433382823516	1.28429378676792	1.94921565854772
3	0.001	1.64716427920783	0.196532775040703	0.499055190731266	0.386417258361326	-0.258322635656933	1.25643301711946	15	90	88	843	2	TCL hCRD	UC	0.706565013571617	1.2607470208465	2.03358153756916
3	1e-04	1.92218179959046	0.111906490244429	0.653460894831612	0.411063892975664	-0.152224335400689	1.45914612506391	12	90	64	843	2	TCL hCRD	UC	0.951144724949731	1.5111179066148	2.33324569256612
3	1e-05	1.96462639947804	0.160177051012312	0.67530209975261	0.480821270098933	-0.2671075896413	1.61771178914652	8	90	45	843	2	TCL hCRD	UC	0.79539970630831	1.48380512937911	2.44544766957697
3	5e-08	0.903396767913909	0.895556467278009	-0.101593433459079	0.773888106623192	-1.61841412244054	1.41522725552238	2	90	26	843	2	TCL hCRD	UC	0.0479070254999339	0.129508661290717	1.6772848745371
3	1e-09	6.03303218336004e-08	0.993574526362188	-16.6234310099547	2064.19578267538	-4062.4471650537	4029.20030303379	0	90	16	843	2	TCL hCRD	UC	0.0027995516302104	0.1	4
